' '
'MCIP_Domain1'
 2 30.0  60.0 -90.0 -90.0 40.0
'LAM_40N100W'
 2 30.0 60.0 -100.0 -100.0 40.0
'LAM_40N97W'
 2 33.0 45.0 -97.0 -97.0 40.0
' '
'MCIP_Domain1_CRO'
'MCIP_Domain1' -108000.0 -900000.0 36000.0 36000.0 21 21 1
'MCIP_Domain1_DOT'
'MCIP_Domain1' -126000.0 -918000.0 36000.0 36000.0 22 22 1
'CCTM_Domain1'
'MCIP_Domain1' -108000.0 -900000.0 36000.0 36000.0 21 21 1
'CCTM_Domain2'
'MCIP_Domain1'  -36000.0 -396000.0 36000.0 36000.0 36 22 1
'CCTM_Domain3'
'MCIP_Domain1'  -36000.0 -396000.0 12000.0 12000.0 36 22 1
'CCTM_Domain4'
'MCIP_Domain1'  384000.0 -264000.0 12000.0 12000.0 40 30 1
'CCTM_Domain5'
'MCIP_Domain1'  360000.0 -264000.0 12000.0 12000.0 32 20 1
'M_32_99NASH'
'LAM_40N100W' -2848000.0 -1984000.0 32000.0 32000.0 178 124 1
'ALGA12'
'LAM_40N97W' 516000.0 -1368000.0 12000.0 12000.0 98 95 1
'M_32_99NASH_win1'
'LAM_40N100W'   540000.0   432000.0 32000.0 32000.0  32  20 1
'EAST_US_EVAL_CR1'
'MCIP_Domain1' -972000.0 -1620000.0 36000.0 36000.0  87  81 1
'EAST_US_EVAL_CR2'
'MCIP_Domain1' -108000.0  -900000.0 36000.0 36000.0  21  21 1
'M_08_99NASH'
'LAM_40N100W'   712000.0  -728000.0  8000.0  8000.0 106 106 1
'M_32_99TUT02'
'LAM_40N100W'  544000.0 -992000.0  32000.0  32000.0  38  38 1
'M_08_99TUT02'
'LAM_40N100W' 1000000.0 -536000.0   8000.0   8000.0  46  42 1
'FORECAST36'
'LAM_40N97W',  -324.D3 , -1836.D3, 36.D3, 36.D3,  72,  72, 1
'FORECAST12'
'LAM_40N97W',   828.D3 , -1080.D3, 12.D3, 12.D3,  72,  72, 1
'FORECAST4'
'LAM_40N97W',  1056.D3 ,  -816.D3,  4.D3,  4.D3,  99,  78, 1
'LA36'
'LAM_40N97W', -2736.D3 , -2088.D3, 36.D3, 36.D3, 148, 112, 1
'LA12'
'LAM_40N97W', -2520.D3 ,  -972.D3, 12.D3, 12.D3,  84,  75, 1
'LA4'
'LAM_40N97W', -2148.D3 ,  -624.D3,  4.D3,  4.D3, 108,  81, 1
' '
